"year" "1" "2" "3" "4" "5" "6" "7" "8" "9" "10" "11" "12"
1948 -0.017 -0.029 0.026 -0.072 -0.006 0.053 -0.041 -0.024 -0.054 0.006 0.132 0.06
1949 0.151 0.158 0.037 0.097 -0.026 -0.001 0.07 0.1 0.068 0.102 0.106 0.116
1950 0.109 -0.035 -0.107 -0.132 -0.06 -0.044 -0.057 0.018 0.008 -0.092 0.078 0.086
1951 0.101 -0.004 0.01 0.167 0.171 0.287 0.42 0.302 0.247 0.257 0.173 0.173
1952 0.17 0.181 0.228 0.189 0.179 0.381 0.37 0.401 0.36 0.352 0.248 0.338
1953 0.263 0.183 0.139 0.311 0.34 0.273 0.341 0.256 0.278 0.146 0.242 0.256
1954 0.225 0.093 0.098 -0.016 0.067 0.097 -0.047 -0.017 -0.013 -0.035 -0.029 -0.054
1955 0.073 0.038 0.039 0.093 0.174 0.191 0.266 0.172 0.2 0.277 0.384 0.254
1956 0.184 0.092 0.011 0.061 -0.061 -0.267 -0.093 -0.101 -0.092 -0.046 -0.09 0.016
1957 -0.084 -0.109 -0.022 -0.077 -0.124 -0.015 0.037 0.199 0.218 0.147 0.081 0.076
1958 0.046 0.186 0.341 0.343 0.198 0.218 0.161 0.158 0.209 0.149 0.182 0.216
1959 0.097 0.111 -0.031 -0.007 0.004 -0.063 -0.035 0.009 0.122 0.109 0.047 0.106
1960 0.173 0.213 0.085 0.093 0.299 0.315 0.267 0.331 0.207 0.292 0.246 0.134
1961 0.057 0.077 0.144 0.223 0.189 0.029 -0.023 0.032 -0.001 0.025 0.063 0.209
1962 0.145 0.148 0.161 0.083 0.019 -0.076 -0.012 -0.068 0 0.061 0.042 0.186
1963 0.153 0.161 0.129 0.099 -0.089 -0.052 -0.04 -0.078 -0.207 -0.076 -0.062 -0.065
1964 -0.08 0.017 0.035 -0.151 0.036 -0.001 -0.149 -0.239 -0.225 -0.276 -0.171 -0.126
1965 -0.203 -0.182 -0.083 -0.102 -0.104 -0.132 -0.193 -0.215 -0.227 -0.253 -0.281 -0.128
1966 -0.081 0.005 -0.015 0.038 -0.004 -0.05 -0.061 -0.049 -0.005 0.008 -0.002 0.075
1967 0.076 0.083 -0.039 -0.021 -0.192 -0.266 -0.236 -0.17 -0.102 -0.105 -0.24 -0.158
1968 -0.252 -0.204 -0.214 -0.161 -0.129 -0.268 -0.235 -0.219 -0.156 -0.119 -0.114 -0.133
1969 -0.069 0.098 0.201 0.143 0.004 0.022 0.088 -0.107 -0.113 -0.191 -0.13 -0.038
1970 -0.016 -0.055 0.013 0.014 -0.053 -0.189 -0.206 -0.147 -0.144 -0.202 -0.247 -0.216
1971 -0.252 -0.298 -0.316 -0.419 -0.333 -0.369 -0.356 -0.441 -0.372 -0.241 -0.249 -0.314
1972 -0.324 -0.386 -0.445 -0.332 -0.475 -0.494 -0.381 -0.389 -0.309 -0.292 -0.283 -0.357
1973 -0.38 -0.399 -0.35 -0.27 -0.175 -0.181 -0.109 -0.139 -0.137 -0.221 -0.215 -0.244
1974 -0.281 -0.289 -0.407 -0.529 -0.506 -0.453 -0.52 -0.473 -0.511 -0.513 -0.431 -0.366
1975 -0.278 -0.344 -0.315 -0.351 -0.394 -0.301 -0.277 -0.191 -0.341 -0.359 -0.347 -0.327
1976 -0.39 -0.447 -0.499 -0.432 -0.494 -0.489 -0.313 -0.191 -0.199 -0.299 -0.421 -0.437
1977 -0.395 -0.339 -0.188 -0.223 -0.175 -0.113 -0.111 -0.15 -0.237 -0.229 -0.148 -0.21
1978 -0.111 -0.153 -0.164 -0.2 -0.209 -0.338 -0.282 -0.232 -0.195 -0.212 -0.125 -0.188
1979 -0.197 -0.156 -0.233 -0.242 -0.122 -0.047 -0.099 -0.12 -0.114 -0.092 -0.09 -0.064
1980 -0.006 -0.083 -0.143 -0.005 0.125 0.104 0.046 0.019 -0.012 -0.066 -0.201 -0.254
1981 -0.181 -0.18 0.001 -0.095 -0.084 -0.062 -0.094 -0.115 -0.036 -0.186 -0.136 -0.006
1982 -0.081 -0.078 -0.08 -0.182 -0.191 -0.184 -0.228 -0.308 -0.307 -0.371 -0.417 -0.38
1983 -0.298 -0.103 0.082 0.06 -0.048 -0.054 -0.015 -0.158 -0.215 -0.195 -0.158 -0.003
1984 -0.106 -0.088 -0.125 -0.157 -0.166 -0.324 -0.266 -0.225 -0.208 -0.343 -0.424 -0.318
1985 -0.354 -0.329 -0.356 -0.401 -0.337 -0.128 -0.153 -0.281 -0.247 -0.245 -0.295 -0.337
1986 -0.343 -0.275 -0.293 -0.325 -0.229 -0.261 -0.249 -0.273 -0.22 -0.319 -0.398 -0.372
1987 -0.278 -0.218 -0.033 0.029 0.068 0.202 0.279 0.279 0.193 0.046 -0.07 0.042
1988 -0.043 -0.117 -0.012 0.049 0.135 0.163 0.107 -0.012 -0.099 -0.174 -0.151 -0.168
1989 -0.225 -0.16 -0.257 -0.294 -0.151 0.087 0.173 0.109 -0.099 -0.128 -0.154 -0.157
1990 -0.303 -0.166 -0.183 -0.122 -0.063 -0.061 -0.026 0.048 0.142 0.108 -0.058 -0.04
1991 -0.2 -0.122 -0.074 -0.138 -0.159 -0.134 -0.112 -0.114 -0.043 -0.268 -0.267 -0.219
1992 -0.196 -0.1 -0.098 -0.19 -0.228 -0.157 -0.225 -0.387 -0.376 -0.306 -0.341 -0.291
1993 -0.247 -0.193 -0.251 -0.18 -0.17 -0.188 -0.284 -0.235 -0.171 -0.25 -0.325 -0.3
1994 -0.303 -0.316 -0.286 -0.207 -0.214 -0.229 -0.239 -0.243 -0.16 -0.067 -0.027 -0.098
1995 -0.07 -0.048 0.008 0.068 0.264 0.356 0.306 0.175 0.046 0.094 0.119 0.034
1996 -0.018 -0.04 -0.066 0.001 -0.073 -0.132 -0.113 -0.017 -0.01 -0.153 -0.182 -0.163
1997 -0.1 -0.044 -0.003 -0.001 0.031 0 0.052 0.007 0.101 0.142 0.043 0.123
1998 0.122 0.283 0.313 0.283 0.375 0.481 0.479 0.504 0.404 0.373 0.308 0.271
1999 0.042 0.049 0.06 0.043 0.154 0.171 0.189 0.298 0.176 0.008 -0.057 0.006
2000 -0.092 -0.047 0.095 0.033 0.096 -0.027 0.064 0.094 0.093 -0.049 -0.062 -0.136
2001 -0.136 -0.035 0.006 -0.021 -0.018 0.189 0.126 0.169 0.277 0.243 0.147 0.205
2002 0.173 0.156 0.136 0.018 -0.057 -0.126 -0.074 0.098 0.071 0.102 0.01 -0.004
2003 0.041 -0.022 0.103 0.07 0.142 0.196 0.267 0.406 0.443 0.417 0.214 0.215
2004 0.201 0.2 0.149 0.099 -0.003 0.168 0.219 0.308 0.231 0.233 0.212 0.178
2005 0.102 0.116 0.275 0.283 0.284 0.318 0.438 0.431 0.41 0.229 0.131 0.207
2006 0.114 0.066 0.051 0.188 0.299 0.324 0.365 0.392 0.355 0.325 0.28 0.162
2007 0.162 0.208 0.118 0.15 0.102 0.079 0.12 0.046 0.089 0.149 0.167 0.102
2008 0.021 0.119 0.149 0.034 0.163 0.247 0.197 0.166 0.189 0.093 -0.008 0.009
2009 -0.068 -0.173 -0.169 -0.14 -0.071 0.112 0.219 0.143 0.048 0.155 0.06 0.073
2010 0.03 0.168 0.278 0.416 0.45 0.438 0.441 0.516 0.44 0.315 0.226 0.198
2011 0.134 0.098 0.046 0.082 0.142 0.169 0.082 0.137 0.135 0.053 -0.08 -0.054
2012 -0.075 -0.005 0.016 0.07 0.155 0.29 0.366 0.421 0.439 0.32 0.155 0.131
2013 0.118 0.106 0.148 0.127 0.091 0.037 0.18 0.184 0.245 0.337 0.118 0.027
2014 -0.072 -0.053 -0.091 -0.104 -0.011 0.052 0.212 0.325 0.3 0.282 0.055 0.048
2015 -0.018 -0.014 -0.139 -0.082 0.035 0.019 0.122 0.168 0.29 0.314 0.176 0.219
2016 0.221 0.145 0.178 0.167 0.334 0.399 0.422 0.446 0.447 0.37 0.38 0.325
2017 0.215 0.217 0.157 0.272 0.304 0.298 0.292 0.299 0.34 0.423 0.341 0.354
2018 0.162 0.052 0.121 0.053 -0.011 -0.022 0.007 0.102 0.152 0.133 -0.131 -0.07
2019 -0.025 0.07 0.111 0.113 0.077 0.163 0.342 0.328 0.235 0.148 0.1 0.154
2020 0.085 0.346 0.358 0.359 0.256 0.262 0.353 0.438 0.309 0.301 -99.99 -99.99
